15 2 0.1765 0.4072 3.1372
15 3 0.1855 0.3982 3.1445
15 4 0.181 0.4072 3.1363
15 5 0.1855 0.3846 3.1434
15 6 0.1538 0.4208 3.117
15 7 0.1538 0.4299 3.1143
15 8 0.1357 0.4027 3.0903
15 9 0.1267 0.4253 3.0868
15 10 0.1312 0.4163 3.0937
15 11 0.1222 0.4344 3.1037
15 12 0.1629 0.3756 3.0862
15 13 0.1538 0.3891 3.0994
15 14 0.1855 0.3665 3.0726
16 2 0.0995 0.3891 3.2768
16 3 0.0905 0.4118 3.2715
16 4 0.1131 0.4118 3.2305
16 5 0.1131 0.4163 3.2305
16 6 0.1176 0.4027 3.2259
16 7 0.1086 0.4434 3.2037
16 8 0.1131 0.448 3.1879
16 9 0.1041 0.4344 3.2296
16 10 0.1041 0.4344 3.2305
16 11 0.1131 0.4253 3.2329
16 12 0.1176 0.4253 3.1929
16 13 0.1176 0.4253 3.193
16 14 0.1176 0.4253 3.185
17 2 0.2262 0.3891 2.9834
17 3 0.2127 0.4118 2.9417
17 4 0.2127 0.3982 2.9349
17 5 0.2217 0.3846 2.9443
17 6 0.2081 0.3937 2.9534
17 7 0.2081 0.3937 2.9524
17 8 0.2127 0.3982 2.9345
17 9 0.2036 0.3982 2.9403
17 10 0.1946 0.4163 2.9407
17 11 0.2036 0.4118 2.9441
17 12 0.19 0.4163 2.9794
17 13 0.1855 0.4253 2.9662
17 14 0.1855 0.4253 2.9669
18 2 0.1493 0.3891 3.3766
18 3 0.1538 0.3665 3.3438
18 4 0.1538 0.3665 3.3139
18 5 0.1538 0.3575 3.316
18 6 0.1448 0.362 3.2974
18 7 0.1584 0.3575 3.2875
18 8 0.1584 0.3529 3.2835
18 9 0.1719 0.3529 3.3245
18 10 0.1674 0.3575 3.324
18 11 0.1448 0.371 3.2814
18 12 0.1267 0.4072 3.2792
18 13 0.1448 0.3801 3.2633
18 14 0.1493 0.3982 3.2702
19 2 0.1448 0.3801 3.1991
19 3 0.1222 0.4027 3.2008
19 4 0.0814 0.4434 3.2044
19 5 0.1041 0.4253 3.1735
19 6 0.1176 0.4253 3.1604
19 7 0.1176 0.4389 3.1522
19 8 0.1267 0.4344 3.1485
19 9 0.1131 0.4299 3.1547
19 10 0.1176 0.4253 3.1409
19 11 0.0995 0.4299 3.1643
19 12 0.095 0.4389 3.1608
19 13 0.1131 0.4344 3.165
19 14 0.1086 0.4344 3.1682
20 2 0.1357 0.4118 3.2606
20 3 0.1267 0.4253 3.2812
20 4 0.1222 0.4344 3.2737
20 5 0.1448 0.4208 3.2211
20 6 0.1357 0.4389 3.2125
20 7 0.1312 0.4389 3.2212
20 8 0.1176 0.4253 3.1803
20 9 0.1086 0.4389 3.1728
20 10 0.1267 0.4118 3.1565
20 11 0.1312 0.4072 3.1569
20 12 0.1312 0.4072 3.1623
20 13 0.1403 0.4072 3.1573
20 14 0.1222 0.4163 3.1394
21 2 0.1719 0.3529 2.8622
21 3 0.181 0.3439 2.853
21 4 0.1629 0.371 2.8472
21 5 0.1719 0.3575 2.8466
21 6 0.19 0.3439 2.8642
21 7 0.19 0.3439 2.8657
21 8 0.19 0.3439 2.867
21 9 0.1719 0.3665 2.8756
21 10 0.1719 0.3665 2.8764
21 11 0.1719 0.3801 2.8842
21 12 0.1629 0.3756 2.8672
21 13 0.1629 0.3756 2.8671
21 14 0.1765 0.362 2.8608
22 2 0.1674 0.4027 3.3326
22 3 0.1629 0.4118 3.342
22 4 0.1629 0.4208 3.3336
22 5 0.181 0.4118 3.331
22 6 0.1538 0.4434 3.2939
22 7 0.1674 0.3891 3.279
22 8 0.1765 0.4027 3.2946
22 9 0.1765 0.4072 3.2954
22 10 0.1629 0.4118 3.2759
22 11 0.1674 0.4072 3.2763
22 12 0.1674 0.4072 3.2804
22 13 0.1538 0.4163 3.2807
22 14 0.1538 0.4163 3.281
23 2 0.2489 0.267 3.4557
23 3 0.2489 0.2579 3.4565
23 4 0.2262 0.2896 3.4557
23 5 0.2308 0.2715 3.4663
23 6 0.2398 0.2624 3.4752
23 7 0.2262 0.276 3.489
23 8 0.2127 0.2941 3.4954
23 9 0.2172 0.2851 3.4954
23 10 0.2172 0.2851 3.4961
23 11 0.2172 0.2851 3.4963
23 12 0.19 0.3122 3.4934
23 13 0.1946 0.3167 3.4851
23 14 0.1584 0.371 3.4302
24 2 0.2308 0.2534 3.7374
24 3 0.2262 0.2624 3.7303
24 4 0.2217 0.2579 3.7273
24 5 0.2172 0.2624 3.7274
24 6 0.2127 0.2624 3.7256
24 7 0.2127 0.2624 3.7237
24 8 0.2127 0.2624 3.7243
24 9 0.2217 0.2624 3.7328
24 10 0.2172 0.2715 3.7255
24 11 0.19 0.2851 3.7233
24 12 0.2127 0.2534 3.7129
24 13 0.1855 0.2805 3.7186
24 14 0.1719 0.3077 3.7109
25 2 0.2579 0.2624 3.1751
25 3 0.2443 0.2805 3.1792
25 4 0.2534 0.2715 3.1834
25 5 0.2308 0.2896 3.1796
25 6 0.2308 0.2896 3.1813
25 7 0.2308 0.2896 3.1814
25 8 0.2534 0.2624 3.1802
25 9 0.2534 0.2624 3.1855
25 10 0.2534 0.2624 3.1876
25 11 0.2353 0.2851 3.2021
25 12 0.2353 0.2851 3.202
25 13 0.19 0.3258 3.2024
25 14 0.2036 0.3167 3.2018
26 2 0.1629 0.3801 3.1559
26 3 0.1403 0.4118 3.1688
26 4 0.1357 0.4163 3.1718
26 5 0.1312 0.4253 3.1756
26 6 0.1267 0.4208 3.1743
26 7 0.1267 0.4118 3.1738
26 8 0.1222 0.4208 3.1719
26 9 0.1538 0.3756 3.1588
26 10 0.1584 0.3982 3.1998
26 11 0.1674 0.3846 3.2033
26 12 0.1674 0.3801 3.2022
26 13 0.1538 0.3891 3.175
26 14 0.1674 0.3801 3.2029
27 2 0.1584 0.3846 3.2627
27 3 0.1538 0.3665 3.2733
27 4 0.1493 0.3756 3.2809
27 5 0.1403 0.3982 3.2906
27 6 0.1765 0.3665 3.2796
27 7 0.1765 0.3756 3.2816
27 8 0.181 0.3665 3.2817
27 9 0.181 0.3484 3.2748
27 10 0.1765 0.3665 3.2439
27 11 0.1765 0.3665 3.2439
27 12 0.1765 0.3801 3.2372
27 13 0.1855 0.3756 3.228
27 14 0.1719 0.3891 3.2171
28 2 0.1538 0.4208 3.0479
28 3 0.1538 0.4118 3.0801
28 4 0.1584 0.4072 3.0833
28 5 0.1448 0.448 3.0822
28 6 0.1448 0.448 3.0822
28 7 0.1584 0.4118 3.0957
28 8 0.1629 0.3937 3.0971
28 9 0.1584 0.4072 3.0949
28 10 0.1493 0.4208 3.0926
28 11 0.1765 0.3982 3.1131
28 12 0.19 0.3801 3.1079
28 13 0.1765 0.4072 3.1061
28 14 0.1765 0.4072 3.1146
29 2 0.1357 0.3937 3.4501
29 3 0.1267 0.3982 3.4416
29 4 0.1312 0.3846 3.453
29 5 0.1403 0.3801 3.4689
29 6 0.1403 0.3846 3.4741
29 7 0.1584 0.371 3.4737
29 8 0.1584 0.362 3.471
29 9 0.1538 0.3756 3.4656
29 10 0.1629 0.3529 3.4581
29 11 0.1674 0.3484 3.4586
29 12 0.1493 0.362 3.4792
29 13 0.1538 0.3665 3.4777
29 14 0.1538 0.3529 3.474
