Linear model, no suffix tree
3 0.0299 0.3731 2.3873

4 0.0896 0.5821 2.5069

5 0.1194 0.2985 2.9693

6 0.0448 0.5373 2.3802

7 0.0896 0.597 2.6671

8 0.1045 0.5672 3.2031

9 0.1343 0.4328 2.585

10 0.2537 0.3731 2.3745

11 0.2537 0.3284 2.28

12 0.1194 0.4179 3.2269

13 0.0896 0.5672 2.4483

14 0.1642 0.3881 2.427

15 0.0597 0.5821 3.1504

16 0.1045 0.4776 3.0903

17 0.0448 0.3433 3.1235

18 0.0896 0.403 2.7089

19 0.194 0.4925 2.5719

20 0.1343 0.4776 2.82

21 0.1343 0.403 2.9096

22 0.1493 0.4627 3.0982

23 0.0896 0.4627 3.1558

24 0.1045 0.5224 2.674

Linear model with suffix tree
3 0.0299 0.3731 2.3873

4 0.1343 0.5075 2.4305

5 0.0746 0.3134 3.0166

6 0.194 0.3881 2.3958

7 0.1045 0.5522 2.6861

8 0.1045 0.5075 3.2267

9 0.1343 0.4478 2.6282

10 0.2836 0.3582 2.3724

11 0.2687 0.2985 2.2643

12 0.1194 0.403 3.2296

13 0.0896 0.5672 2.4483

14 0.1642 0.3881 2.4307

15 0.1045 0.5224 3.1428

16 0.1194 0.4627 3.0884

17 0.0597 0.2836 3.1368

18 0.0896 0.3731 2.7016

19 0.209 0.4478 2.5969

20 0.1493 0.4478 2.8259

21 0.1194 0.4179 2.9166

22 0.1493 0.4627 3.0964

23 0.1493 0.3881 3.1576

24 0.1343 0.4627 2.6893

Theil-Sen predictor, no suffix tree
3 0.0597 0.5373 2.2372

4 0.0299 0.6269 2.5656

5 0.1343 0.2537 3.0564

6 0.0597 0.5224 2.4254

7 0.0896 0.6269 2.6966

8 0.0896 0.6119 3.24

9 0.1642 0.4478 2.5857

10 0.3134 0.3433 2.3305

11 0.2687 0.2836 2.2759

12 0.1194 0.3582 3.2368

13 0.1493 0.5075 2.5047

14 0.1791 0.403 2.4661

15 0.0896 0.5373 3.2358

16 0.1791 0.3881 3.1827

17 0.0448 0.3284 3.2106

18 0.1194 0.3284 2.7191

19 0.1791 0.4478 2.517

20 0.1493 0.4328 2.8293

21 0.1493 0.3582 2.9563

22 0.1791 0.3433 3.109

23 0.194 0.3284 3.1029

24 0.1194 0.4925 2.5898

Theil-Sen predictor with suffix tree
3 0.0597 0.5075 2.2562

4 0.1343 0.5075 2.5246

5 0.1194 0.2985 3.0232

6 0.0746 0.5373 2.4114

7 0.0746 0.6269 2.6874

8 0.0896 0.6119 3.2498

9 0.1493 0.4627 2.6452

10 0.2836 0.3731 2.3088

11 0.3134 0.2687 2.2546

12 0.1194 0.403 3.2388

13 0.0896 0.5522 2.5019

14 0.1642 0.3881 2.4806

15 0.0896 0.5224 3.1997

16 0.1343 0.4328 3.167

17 0.0299 0.3284 3.2133

18 0.1194 0.3134 2.7462

19 0.2239 0.4179 2.5668

20 0.1642 0.4179 2.8197

21 0.1194 0.3582 2.9509

22 0.209 0.3433 3.1366

23 0.1791 0.3284 3.1101

24 0.1642 0.4627 2.6146
